5 5 1 2 5
1 3 1
1 4 1
2 4 1
3 5 1
4 5 1
5 5 1 2 5
1 3 1
1 4 4
2 4 1
3 5 1
4 5 1
6 9 1 2 6
1 3 1
1 4 1
2 4 1
2 5 1
3 5 1
3 6 1
4 5 1
4 6 1
5 6 1
6 9 6 1 4
1 3 1
1 4 1
2 4 1
2 5 1
3 5 1
3 6 1
4 5 1
4 6 1
5 6 1
6 9 1 2 6
1 3 1
1 4 5
2 4 6
2 5 1
3 5 1
3 6 1
4 5 1
4 6 1
5 6 1
6 9 1 2 6
1 3 1
1 4 5
2 4 6
2 5 1
3 5 1
3 6 4
4 5 1
4 6 1
5 6 4
6 6 1 2 6
1 3 1
1 4 5
2 5 1
3 4 1
3 6 4
4 6 1

10 24 9 1 3
1 2 3
1 3 9
1 4 6
1 6 10
1 8 5
1 10 4
2 4 10
2 8 1
2 9 6
3 6 7
3 7 4
3 8 7
3 10 4
4 7 1
4 10 9
5 7 5
5 8 1
5 9 5
6 7 7
6 9 5
6 10 7
7 8 5
8 9 4
8 10 9
45 519 36 10 44
1 2 5
1 3 10
1 4 8
1 7 3
1 10 1
1 11 5
1 12 4
1 14 1
1 16 5
1 17 9
1 18 8
1 21 2
1 22 1
1 23 3
1 24 5
1 25 6
1 26 10
1 27 4
1 29 6
1 30 9
1 31 9
1 32 8
1 34 10
1 35 5
1 39 2
1 41 8
1 42 8
1 43 1
1 44 10
1 45 3
2 3 3
2 4 4
2 5 3
2 7 2
2 8 3
2 10 8
2 11 8
2 12 9
2 17 8
2 18 4
2 20 3
2 23 2
2 24 4
2 30 3
2 32 8
2 34 1
2 37 6
2 38 1
2 45 10
3 4 4
3 5 6
3 7 5
3 13 8
3 14 9
3 15 4
3 16 1
3 20 5
3 22 2
3 23 8
3 27 10
3 28 6
3 30 4
3 33 3
3 35 10
3 36 10
3 38 9
3 40 1
3 42 9
3 43 10
4 6 8
4 8 1
4 10 9
4 12 9
4 14 7
4 16 3
4 17 3
4 18 8
4 19 4
4 21 2
4 24 2
4 28 2
4 29 8
4 30 9
4 31 4
4 32 2
4 33 3
4 34 8
4 35 9
4 36 9
4 37 7
4 38 5
4 39 4
4 40 4
4 43 1
5 6 5
5 9 4
5 11 8
5 16 3
5 18 10
5 19 8
5 21 3
5 25 5
5 26 9
5 27 6
5 28 1
5 29 9
5 32 5
5 33 7
5 34 1
5 36 5
5 37 6
5 40 9
5 41 2
5 42 10
5 43 2
5 44 10
6 7 2
6 11 7
6 14 1
6 16 4
6 17 3
6 18 2
6 19 9
6 21 1
6 22 3
6 24 10
6 26 10
6 29 10
6 30 2
6 34 5
6 36 5
6 38 5
6 40 2
6 43 5
6 44 2
6 45 8
7 8 2
7 11 10
7 20 8
7 21 6
7 23 7
7 24 2
7 25 2
7 26 9
7 29 3
7 32 4
7 35 9
7 36 4
7 37 4
7 38 1
7 39 9
7 40 4
7 42 8
7 43 1
7 44 10
8 9 4
8 10 10
8 14 4
8 15 9
8 16 7
8 17 6
8 20 6
8 25 2
8 26 7
8 27 1
8 29 6
8 30 9
8 32 9
8 33 8
8 34 3
8 36 2
8 37 8
8 42 8
8 43 5
9 14 6
9 16 1
9 17 8
9 19 7
9 21 6
9 22 4
9 26 7
9 27 6
9 29 1
9 31 3
9 34 6
9 36 4
9 38 6
9 39 3
9 43 10
9 44 1
9 45 4
10 11 8
10 12 7
10 15 4
10 16 4
10 19 7
10 20 3
10 25 7
10 28 3
10 30 9
10 33 2
10 38 7
10 39 5
10 40 10
10 41 3
10 43 7
10 44 10
11 12 7
11 15 5
11 17 6
11 18 6
11 20 9
11 21 4
11 22 4
11 25 5
11 29 7
11 30 6
11 31 1
11 35 6
11 36 8
11 37 4
11 39 3
11 42 2
11 43 5
11 44 8
11 45 7
12 14 8
12 17 2
12 20 1
12 21 4
12 23 1
12 28 10
12 29 1
12 32 3
12 33 2
12 34 7
12 35 3
12 37 1
12 38 10
12 39 5
12 40 9
12 41 7
12 42 8
12 43 10
12 45 1
13 16 10
13 17 9
13 18 4
13 21 9
13 22 7
13 23 2
13 24 7
13 26 9
13 27 1
13 29 2
13 30 10
13 31 2
13 32 8
13 35 5
13 37 7
13 38 7
13 39 9
13 40 7
13 43 7
13 44 3
13 45 10
14 15 10
14 16 10
14 17 8
14 18 7
14 19 1
14 20 7
14 22 2
14 24 7
14 25 9
14 27 7
14 32 1
14 33 4
14 35 2
14 36 1
14 41 5
14 42 9
14 43 8
14 45 5
15 16 7
15 18 8
15 22 10
15 24 6
15 25 8
15 28 9
15 29 1
15 33 5
15 35 1
15 36 9
15 38 1
15 40 4
15 41 4
15 42 2
15 43 4
15 45 7
16 17 5
16 26 3
16 27 10
16 28 3
16 30 3
16 31 2
16 33 6
16 34 6
16 35 2
16 36 5
16 37 1
16 40 7
16 42 4
17 19 9
17 23 7
17 26 4
17 27 10
17 29 4
17 30 7
17 31 9
17 32 2
17 35 10
17 38 10
17 40 2
17 44 6
17 45 4
18 19 9
18 20 3
18 21 9
18 22 2
18 24 10
18 25 2
18 26 4
18 28 4
18 29 1
18 30 4
18 31 3
18 32 7
18 36 1
18 37 7
18 39 3
18 43 7
18 44 3
18 45 5
19 20 3
19 22 7
19 23 1
19 24 10
19 28 3
19 29 5
19 30 6
19 33 3
19 36 3
19 40 5
19 43 10
19 44 4
20 21 8
20 23 8
20 24 6
20 26 5
20 27 4
20 28 7
20 29 5
20 30 5
20 32 9
20 33 2
20 34 7
20 36 1
20 37 3
20 41 3
20 42 5
21 22 10
21 25 6
21 29 8
21 30 3
21 32 1
21 33 7
21 34 8
21 36 7
21 40 1
21 43 7
21 44 1
22 23 4
22 26 2
22 27 5
22 29 6
22 31 8
22 32 3
22 33 3
22 36 2
22 37 9
22 38 6
22 39 8
22 42 9
22 45 3
23 24 8
23 26 7
23 28 7
23 29 3
23 30 5
23 31 1
23 34 10
23 35 6
23 36 6
23 40 6
23 42 2
23 43 4
23 44 9
24 25 5
24 31 9
24 32 6
24 33 5
24 34 6
24 36 7
24 37 7
24 38 1
24 40 4
24 42 9
24 44 1
24 45 10
25 28 1
25 29 8
25 30 10
25 31 9
25 34 8
25 36 8
25 38 1
25 41 2
26 28 2
26 30 2
26 31 9
26 34 3
26 35 10
26 37 3
26 38 7
26 39 10
26 40 7
26 45 5
27 31 9
27 32 8
27 36 4
27 38 5
27 39 8
27 41 10
27 42 1
28 29 7
28 31 1
28 33 7
28 34 1
28 35 3
28 37 6
28 39 3
28 40 7
28 41 5
28 45 7
29 30 10
29 34 4
29 35 8
29 37 8
29 38 2
29 41 10
29 43 6
29 44 10
30 31 10
30 32 2
30 33 10
30 34 4
30 36 4
30 40 7
30 42 2
30 43 9
31 34 9
31 35 8
31 36 7
31 38 2
31 39 9
31 41 5
31 45 4
32 35 8
32 36 8
32 38 9
32 43 2
32 44 1
33 35 1
33 37 1
33 39 4
33 42 8
34 37 10
34 41 8
34 44 4
35 37 10
35 39 5
35 40 4
35 43 7
36 38 10
36 39 2
36 41 2
36 42 6
36 44 7
37 39 10
37 41 7
37 43 5
37 44 7
37 45 5
38 42 5
38 44 6
38 45 8
39 40 6
39 44 10
39 45 1
40 42 7
41 42 9
41 43 4
41 44 3
41 45 8
42 43 1
42 45 3
43 44 6
43 45 2
50 855 19 11 47
1 3 9
1 5 10
1 6 8
1 7 8
1 9 3
1 11 10
1 13 7
1 14 2
1 15 1
1 16 4
1 17 2
1 18 6
1 20 10
1 21 4
1 23 9
1 24 1
1 25 6
1 26 6
1 27 6
1 28 6
1 29 1
1 30 5
1 31 2
1 32 3
1 33 7
1 37 8
1 38 5
1 40 2
1 41 2
1 42 1
1 43 7
1 45 4
1 46 3
1 48 3
1 49 5
1 50 1
2 4 3
2 5 6
2 6 7
2 7 1
2 11 9
2 14 6
2 15 2
2 16 8
2 17 10
2 19 7
2 21 3
2 22 2
2 23 8
2 24 4
2 25 1
2 27 8
2 30 2
2 31 8
2 32 8
2 35 3
2 36 1
2 37 6
2 38 9
2 40 3
2 41 6
2 42 1
2 43 3
2 44 10
2 45 9
2 46 8
2 47 8
2 48 6
2 50 2
3 4 2
3 7 4
3 8 5
3 9 3
3 10 10
3 11 6
3 12 3
3 13 5
3 14 1
3 15 10
3 18 5
3 21 3
3 23 1
3 24 5
3 25 2
3 26 1
3 27 10
3 28 6
3 29 10
3 30 10
3 31 10
3 32 8
3 33 8
3 34 3
3 37 9
3 38 5
3 41 7
3 42 7
3 43 8
3 44 10
3 46 10
3 47 8
3 48 8
3 49 8
3 50 10
4 5 8
4 6 1
4 8 7
4 9 9
4 10 3
4 11 5
4 12 3
4 13 4
4 14 7
4 15 7
4 16 6
4 17 8
4 18 4
4 20 7
4 21 8
4 22 1
4 23 5
4 24 9
4 25 4
4 28 1
4 29 8
4 31 7
4 32 5
4 33 1
4 34 2
4 35 6
4 36 9
4 37 3
4 38 1
4 40 6
4 41 2
4 42 1
4 45 9
4 46 6
4 47 7
4 49 9
5 7 6
5 8 4
5 10 1
5 12 2
5 14 10
5 16 2
5 17 4
5 18 6
5 20 7
5 21 10
5 24 10
5 26 1
5 29 1
5 30 3
5 32 8
5 33 7
5 34 6
5 36 2
5 37 9
5 38 9
5 39 10
5 41 1
5 44 8
5 45 4
5 47 6
5 48 5
5 49 6
6 7 10
6 8 2
6 9 6
6 10 3
6 11 7
6 12 5
6 13 1
6 14 7
6 15 8
6 17 5
6 20 8
6 21 8
6 22 6
6 23 9
6 27 7
6 28 3
6 29 3
6 32 7
6 33 10
6 34 2
6 36 8
6 37 6
6 39 8
6 40 4
6 41 9
6 42 2
6 43 4
6 44 9
6 45 6
6 46 8
6 47 9
6 49 4
7 8 6
7 10 7
7 11 7
7 12 5
7 13 1
7 14 3
7 15 1
7 16 7
7 17 8
7 18 7
7 19 8
7 20 10
7 21 6
7 22 4
7 23 6
7 24 7
7 25 4
7 26 4
7 27 3
7 29 10
7 30 3
7 31 10
7 35 7
7 36 7
7 37 7
7 39 7
7 40 8
7 41 8
7 42 7
7 43 4
7 44 5
7 45 8
7 46 7
7 47 3
7 48 2
7 49 6
7 50 9
8 10 6
8 12 3
8 13 8
8 15 10
8 16 9
8 18 1
8 19 6
8 22 4
8 23 3
8 25 6
8 27 3
8 28 5
8 29 5
8 30 4
8 31 4
8 32 3
8 33 7
8 34 2
8 36 6
8 37 5
8 38 10
8 39 3
8 40 9
8 41 5
8 44 4
8 45 2
8 46 2
8 47 9
8 48 9
8 49 9
8 50 8
9 10 3
9 11 5
9 12 3
9 13 10
9 14 6
9 15 7
9 16 1
9 17 9
9 20 10
9 21 4
9 22 9
9 25 3
9 27 7
9 29 6
9 30 9
9 32 5
9 33 9
9 35 5
9 36 6
9 38 1
9 39 7
9 40 5
9 42 10
9 47 1
9 49 9
9 50 1
10 11 4
10 12 1
10 13 7
10 14 10
10 15 6
10 16 5
10 17 4
10 18 9
10 19 1
10 20 5
10 21 10
10 22 9
10 23 3
10 24 10
10 25 2
10 26 6
10 28 2
10 31 5
10 32 3
10 33 5
10 34 6
10 35 7
10 36 5
10 38 10
10 39 10
10 41 9
10 42 5
10 44 4
10 45 6
10 46 3
10 47 8
10 50 8
11 12 2
11 16 7
11 17 4
11 18 9
11 19 9
11 20 6
11 21 2
11 22 7
11 23 3
11 24 6
11 25 10
11 26 2
11 27 7
11 28 10
11 32 8
11 36 4
11 37 7
11 38 3
11 39 3
11 41 9
11 42 9
11 43 5
11 44 9
11 45 2
11 47 8
11 50 2
12 14 9
12 17 7
12 18 6
12 19 8
12 20 7
12 21 3
12 22 10
12 23 4
12 24 3
12 26 5
12 27 7
12 28 6
12 29 3
12 30 8
12 32 4
12 33 1
12 36 3
12 37 4
12 38 8
12 40 2
12 41 3
12 43 8
12 44 9
12 45 2
12 46 1
12 47 10
12 48 3
13 15 2
13 16 4
13 17 10
13 18 4
13 19 8
13 20 6
13 22 2
13 24 1
13 25 7
13 27 7
13 31 10
13 32 9
13 33 5
13 34 6
13 35 1
13 37 4
13 39 8
13 40 4
13 41 2
13 42 3
13 43 1
13 44 8
13 45 6
13 46 7
13 47 2
13 48 6
13 49 8
13 50 2
14 15 8
14 18 9
14 19 10
14 20 4
14 22 8
14 23 9
14 24 2
14 25 3
14 26 4
14 27 7
14 28 1
14 30 5
14 31 1
14 32 1
14 33 9
14 34 6
14 35 9
14 39 6
14 41 2
14 43 2
14 46 9
14 49 6
14 50 1
15 18 5
15 19 9
15 20 1
15 22 2
15 23 7
15 24 3
15 25 6
15 26 9
15 27 1
15 28 6
15 29 9
15 32 4
15 33 8
15 34 2
15 35 9
15 39 9
15 41 2
15 42 10
15 47 6
15 48 5
15 49 2
15 50 2
16 17 2
16 18 4
16 20 3
16 22 10
16 23 5
16 24 10
16 25 10
16 26 7
16 27 4
16 28 6
16 29 6
16 30 6
16 32 7
16 34 9
16 35 8
16 37 10
16 38 10
16 39 7
16 40 4
16 41 7
16 42 6
16 43 9
16 44 9
16 45 3
16 46 9
16 47 8
16 48 10
16 49 6
16 50 9
17 18 4
17 19 8
17 20 9
17 21 8
17 22 3
17 24 8
17 25 8
17 28 7
17 29 9
17 30 9
17 31 7
17 32 10
17 34 9
17 35 5
17 36 10
17 37 6
17 39 5
17 40 7
17 41 7
17 42 10
17 43 7
17 45 10
17 46 4
17 47 5
17 48 5
17 49 3
17 50 5
18 20 8
18 21 6
18 22 7
18 24 9
18 27 2
18 28 4
18 29 4
18 30 6
18 34 3
18 36 3
18 37 7
18 38 7
18 40 8
18 43 9
18 45 8
18 46 4
18 47 8
18 49 2
18 50 6
19 20 1
19 21 9
19 22 2
19 23 1
19 24 5
19 25 7
19 28 7
19 30 8
19 33 1
19 34 2
19 35 6
19 36 3
19 37 10
19 40 10
19 41 1
19 43 6
19 44 10
19 45 3
19 46 1
19 48 3
19 49 3
19 50 9
20 22 5
20 23 5
20 25 9
20 26 7
20 28 3
20 29 2
20 31 4
20 32 5
20 33 2
20 34 10
20 35 5
20 36 9
20 37 1
20 38 1
20 40 3
20 42 1
20 43 10
20 44 3
20 45 10
20 46 1
20 47 2
20 48 2
20 50 1
21 22 8
21 23 2
21 24 7
21 25 10
21 26 2
21 27 4
21 28 10
21 31 4
21 32 7
21 33 8
21 37 10
21 39 9
21 40 8
21 41 9
21 43 2
21 44 10
21 45 2
21 46 1
21 47 8
21 49 8
21 50 5
22 23 9
22 25 5
22 26 8
22 27 10
22 29 2
22 30 8
22 31 4
22 33 3
22 34 2
22 36 7
22 37 5
22 40 6
22 41 6
22 43 2
22 47 4
22 50 7
23 24 6
23 25 6
23 35 10
23 36 2
23 37 5
23 38 7
23 40 4
23 41 1
23 44 9
23 46 9
23 47 3
23 48 10
23 49 8
23 50 3
24 25 9
24 26 4
24 27 9
24 28 6
24 29 4
24 31 4
24 32 7
24 34 3
24 35 3
24 39 1
24 40 9
24 41 4
24 43 8
24 47 1
24 48 5
24 49 1
25 27 1
25 28 9
25 29 7
25 30 8
25 33 4
25 34 9
25 35 7
25 36 3
25 38 8
25 40 1
25 41 2
25 42 4
25 43 3
25 44 10
25 45 9
25 46 8
25 47 4
25 48 9
26 27 2
26 28 8
26 29 1
26 30 2
26 32 7
26 33 3
26 34 4
26 35 2
26 36 5
26 37 9
26 38 10
26 39 3
26 40 4
26 41 2
26 43 6
26 44 1
26 46 8
26 47 5
26 48 3
27 28 8
27 29 7
27 31 1
27 32 10
27 33 5
27 35 8
27 36 3
27 37 7
27 38 6
27 39 1
27 41 1
27 42 10
27 43 9
27 44 5
27 47 3
27 48 2
27 50 5
28 29 2
28 30 6
28 31 7
28 34 8
28 37 6
28 40 6
28 42 7
28 43 6
28 44 1
28 45 3
28 46 7
28 48 7
28 49 6
29 30 5
29 31 6
29 32 10
29 34 6
29 35 8
29 38 8
29 39 10
29 40 1
29 41 2
29 42 1
29 43 3
29 45 8
29 46 4
29 47 4
29 49 6
30 31 6
30 34 4
30 35 9
30 38 4
30 39 3
30 40 3
30 41 6
30 42 4
30 43 9
30 45 6
30 46 2
30 48 2
30 50 1
31 32 6
31 33 5
31 34 3
31 35 5
31 37 1
31 40 1
31 43 6
31 44 6
31 46 2
31 49 8
32 34 5
32 35 5
32 37 7
32 38 6
32 40 1
32 42 3
32 44 5
32 46 10
32 47 6
32 49 7
32 50 7
33 34 10
33 35 6
33 37 1
33 40 7
33 41 5
33 42 5
33 43 9
33 44 4
33 45 3
33 47 4
33 48 9
33 49 9
33 50 10
34 36 6
34 38 5
34 39 8
34 40 8
34 42 3
34 44 2
34 45 9
34 47 1
34 48 4
35 38 4
35 40 5
35 41 8
35 42 7
35 44 8
35 45 1
35 46 6
35 48 3
36 38 9
36 39 9
36 40 4
36 41 6
36 43 1
36 46 5
36 47 6
36 48 6
37 39 8
37 40 7
37 41 3
37 42 9
37 43 1
37 47 9
37 48 9
38 40 1
38 41 5
38 42 10
38 43 6
38 45 9
38 46 2
38 47 2
38 50 1
39 40 7
39 41 10
39 42 3
39 43 9
39 44 3
39 45 6
39 47 1
39 48 10
39 49 3
39 50 6
40 41 5
40 43 8
40 45 4
40 46 1
40 48 10
41 42 8
41 43 8
41 44 10
41 45 6
41 46 6
41 47 2
41 50 6
42 43 10
42 44 7
42 45 7
42 46 9
42 47 1
42 48 6
42 49 1
42 50 10
43 46 2
43 49 3
43 50 3
44 46 10
44 48 5
44 50 7
45 47 8
45 48 6
45 49 8
45 50 1
46 47 7
46 49 9
46 50 4
47 48 8
47 49 6
47 50 10
48 49 8
49 50 9
10 9 5 10 6
1 7 4
2 4 2
2 7 7
3 7 4
3 8 10
4 8 10
5 8 8
5 9 2
7 9 8
10 12 1 8 3
1 3 3
1 9 4
1 10 1
2 4 1
2 6 9
2 8 10
2 9 10
2 10 3
4 7 1
5 10 8
6 10 8
9 10 6
19 51 12 4 10
1 2 3
1 5 3
1 6 5
1 10 5
1 11 6
1 15 1
2 3 6
2 7 5
2 11 5
2 13 2
2 15 5
3 5 1
3 6 2
3 11 9
3 12 5
3 13 1
3 14 4
3 16 4
4 5 9
4 6 7
4 7 3
4 10 3
4 14 9
4 17 5
4 19 6
5 17 1
6 10 4
6 11 2
6 13 10
6 14 2
6 19 9
7 9 2
7 10 8
7 14 4
7 19 9
8 11 7
8 16 4
8 18 6
8 19 3
9 17 7
10 11 4
10 14 5
10 17 8
11 13 4
11 14 5
11 15 3
11 19 9
12 18 1
13 17 2
16 18 8
17 19 1
54 71 6 43 20
1 46 2
1 53 3
2 9 1
2 40 2
3 18 3
4 26 2
4 32 4
4 36 6
5 36 1
5 41 7
6 8 7
7 20 1
8 24 3
8 28 5
8 43 3
8 50 6
10 20 7
11 12 9
11 28 9
11 45 4
12 45 10
13 28 1
13 36 1
13 40 1
14 32 6
14 35 9
14 44 2
16 27 9
16 37 8
16 41 2
16 44 7
17 25 2
17 27 1
17 29 10
17 46 6
18 26 9
18 30 6
18 31 5
18 50 8
19 32 7
19 42 1
20 40 1
21 24 7
22 50 1
22 54 2
23 27 3
23 28 8
23 48 1
24 29 10
24 38 8
25 36 8
25 54 10
26 29 2
27 29 7
28 30 8
28 37 9
28 53 7
29 39 4
29 41 1
30 40 6
35 44 9
36 48 4
37 48 9
37 50 1
38 40 5
38 50 10
40 44 6
40 48 8
41 54 8
44 49 8
50 51 4
10 10 9 5 2
1 2 9
1 3 9
1 5 10
1 9 3
2 5 8
2 9 9
2 10 8
3 6 10
3 9 8
6 7 2
63 1846 60 14 41
1 2 2
1 3 10
1 4 1
1 5 8
1 6 10
1 8 1
1 9 5
1 10 1
1 11 7
1 12 2
1 13 4
1 14 4
1 15 5
1 16 2
1 17 8
1 18 10
1 19 8
1 20 8
1 21 7
1 22 5
1 23 8
1 24 2
1 25 9
1 26 6
1 27 7
1 28 3
1 29 1
1 30 7
1 31 3
1 32 3
1 33 5
1 34 2
1 35 6
1 36 6
1 37 4
1 38 4
1 39 7
1 40 4
1 41 6
1 42 8
1 43 4
1 44 10
1 45 1
1 46 3
1 47 1
1 48 4
1 49 9
1 50 5
1 51 10
1 52 9
1 53 7
1 54 9
1 55 7
1 56 9
1 57 5
1 58 4
1 59 6
1 60 1
1 61 1
1 62 1
1 63 6
2 3 7
2 4 6
2 5 1
2 6 7
2 7 5
2 8 8
2 9 5
2 10 6
2 11 6
2 12 3
2 13 10
2 14 3
2 15 6
2 16 7
2 17 5
2 18 4
2 19 9
2 20 10
2 21 10
2 22 8
2 23 4
2 24 3
2 25 1
2 26 8
2 27 8
2 28 3
2 29 8
2 30 10
2 32 4
2 33 9
2 34 7
2 35 1
2 36 9
2 37 2
2 38 5
2 39 7
2 40 1
2 41 9
2 42 4
2 43 6
2 44 8
2 45 8
2 47 10
2 48 8
2 49 4
2 50 10
2 51 2
2 52 3
2 53 2
2 54 1
2 55 5
2 56 6
2 57 3
2 58 6
2 59 4
2 60 7
2 61 2
2 62 5
2 63 5
3 4 8
3 5 5
3 6 6
3 7 4
3 8 4
3 9 4
3 10 9
3 11 8
3 12 5
3 13 7
3 14 4
3 15 4
3 16 3
3 17 10
3 18 2
3 20 1
3 21 2
3 22 2
3 23 9
3 24 9
3 25 2
3 27 2
3 28 7
3 29 4
3 30 7
3 31 6
3 32 6
3 33 3
3 34 1
3 35 9
3 36 6
3 37 9
3 38 4
3 39 9
3 40 5
3 41 1
3 42 10
3 43 7
3 44 10
3 45 5
3 47 10
3 48 2
3 49 8
3 50 6
3 51 10
3 52 2
3 53 5
3 54 3
3 55 5
3 56 1
3 57 7
3 58 2
3 59 5
3 60 6
3 61 8
3 62 4
3 63 10
4 5 5
4 6 7
4 7 2
4 8 9
4 9 6
4 10 2
4 11 5
4 12 1
4 13 8
4 14 8
4 15 8
4 16 3
4 17 10
4 18 4
4 19 9
4 20 3
4 21 1
4 22 5
4 23 10
4 24 3
4 25 2
4 26 9
4 27 8
4 28 3
4 29 6
4 30 9
4 31 7
4 32 2
4 33 9
4 34 10
4 35 6
4 36 10
4 37 10
4 38 1
4 39 7
4 40 7
4 41 2
4 42 8
4 43 6
4 44 3
4 45 4
4 46 8
4 47 5
4 48 1
4 49 2
4 50 8
4 51 10
4 52 4
4 53 10
4 54 7
4 55 9
4 56 5
4 57 8
4 58 5
4 59 3
4 60 3
4 61 10
4 62 6
4 63 4
5 6 10
5 7 10
5 8 4
5 9 3
5 10 10
5 11 7
5 12 6
5 13 4
5 14 3
5 15 9
5 16 10
5 17 8
5 18 6
5 19 6
5 20 2
5 21 6
5 22 6
5 23 3
5 24 2
5 25 2
5 26 6
5 27 1
5 28 6
5 29 7
5 30 3
5 31 7
5 32 2
5 33 4
5 34 2
5 35 10
5 36 9
5 37 4
5 39 6
5 40 5
5 41 3
5 42 10
5 43 5
5 44 6
5 45 3
5 47 8
5 48 7
5 49 9
5 50 7
5 51 6
5 52 10
5 53 8
5 54 4
5 55 8
5 56 4
5 58 10
5 59 8
5 60 5
5 62 3
5 63 7
6 7 7
6 9 4
6 10 7
6 11 8
6 12 4
6 13 2
6 14 8
6 15 1
6 16 1
6 17 5
6 18 10
6 19 7
6 20 1
6 21 6
6 22 8
6 23 4
6 24 9
6 25 2
6 26 8
6 27 3
6 28 2
6 29 10
6 30 3
6 31 2
6 32 8
6 33 1
6 34 6
6 35 9
6 36 2
6 37 4
6 38 10
6 40 5
6 41 6
6 43 3
6 44 2
6 45 1
6 46 9
6 47 5
6 49 6
6 50 5
6 51 1
6 52 7
6 53 5
6 54 8
6 55 1
6 56 5
6 57 3
6 59 6
6 60 9
6 61 8
6 62 6
6 63 5
7 8 8
7 9 9
7 10 9
7 11 2
7 12 9
7 13 6
7 14 7
7 15 4
7 16 9
7 17 3
7 18 1
7 20 9
7 21 2
7 22 3
7 24 5
7 25 6
7 26 3
7 27 5
7 28 5
7 29 9
7 30 5
7 31 8
7 32 4
7 33 5
7 34 8
7 35 4
7 36 3
7 37 9
7 38 6
7 39 2
7 40 8
7 41 9
7 42 10
7 43 6
7 44 4
7 46 2
7 48 7
7 49 9
7 50 7
7 51 1
7 53 3
7 54 6
7 55 8
7 56 4
7 57 3
7 58 2
7 59 10
7 60 10
7 61 8
7 62 7
7 63 6
8 9 7
8 10 7
8 11 7
8 12 7
8 13 1
8 14 1
8 15 2
8 16 3
8 17 2
8 18 4
8 19 1
8 21 10
8 22 10
8 23 2
8 24 6
8 25 10
8 26 5
8 27 5
8 28 2
8 29 10
8 30 8
8 31 7
8 32 9
8 34 6
8 35 2
8 36 5
8 37 5
8 38 4
8 39 1
8 40 1
8 41 6
8 42 6
8 43 5
8 44 10
8 45 6
8 46 7
8 47 9
8 48 9
8 49 1
8 50 3
8 51 6
8 52 6
8 53 4
8 54 3
8 55 1
8 56 1
8 57 8
8 58 8
8 59 5
8 60 8
8 61 4
8 62 5
8 63 7
9 10 9
9 11 2
9 12 2
9 13 7
9 14 10
9 15 3
9 17 4
9 18 9
9 19 2
9 20 2
9 21 3
9 22 7
9 23 8
9 24 1
9 25 3
9 26 6
9 27 4
9 29 9
9 30 6
9 31 10
9 32 3
9 33 8
9 34 6
9 35 5
9 36 5
9 37 9
9 38 7
9 39 6
9 40 7
9 41 9
9 42 3
9 43 1
9 44 6
9 45 1
9 46 6
9 47 2
9 48 8
9 49 3
9 50 7
9 51 6
9 52 4
9 53 6
9 54 1
9 55 4
9 56 5
9 57 5
9 58 2
9 59 7
9 60 3
9 61 6
9 62 8
9 63 3
10 11 9
10 12 8
10 13 9
10 14 8
10 15 10
10 16 3
10 17 1
10 18 8
10 19 6
10 20 4
10 21 9
10 22 9
10 23 6
10 24 7
10 25 6
10 26 1
10 27 3
10 28 2
10 29 9
10 30 10
10 31 5
10 32 1
10 33 2
10 34 8
10 35 8
10 36 9
10 37 7
10 38 1
10 39 6
10 40 1
10 41 4
10 42 2
10 43 9
10 45 8
10 46 8
10 47 4
10 48 3
10 49 2
10 50 4
10 51 5
10 52 2
10 53 6
10 54 5
10 55 1
10 56 8
10 58 4
10 59 8
10 60 4
10 62 1
10 63 10
11 12 4
11 13 10
11 14 2
11 15 10
11 16 4
11 17 7
11 18 3
11 19 1
11 20 4
11 21 9
11 22 3
11 23 7
11 24 8
11 25 1
11 26 7
11 27 8
11 28 4
11 29 9
11 30 7
11 31 5
11 32 6
11 33 7
11 34 10
11 35 8
11 36 7
11 37 8
11 38 8
11 39 9
11 40 5
11 41 8
11 42 6
11 43 6
11 44 8
11 45 3
11 46 1
11 47 10
11 50 8
11 51 7
11 52 9
11 53 4
11 54 1
11 56 4
11 57 6
11 58 7
11 59 2
11 60 10
11 61 5
11 63 6
12 13 1
12 14 8
12 15 8
12 16 7
12 17 5
12 18 8
12 19 3
12 21 5
12 22 1
12 23 3
12 24 6
12 25 10
12 26 8
12 27 7
12 28 6
12 29 5
12 30 8
12 31 9
12 32 8
12 33 9
12 34 9
12 35 4
12 36 1
12 37 1
12 38 4
12 39 8
12 40 2
12 41 2
12 42 10
12 43 8
12 44 6
12 45 8
12 46 7
12 47 5
12 48 2
12 49 8
12 50 3
12 52 7
12 53 9
12 54 5
12 55 2
12 56 7
12 58 8
12 59 1
12 61 8
12 62 5
12 63 3
13 14 3
13 15 3
13 16 1
13 17 6
13 18 8
13 19 6
13 21 2
13 22 9
13 23 4
13 24 4
13 25 7
13 26 3
13 28 2
13 29 4
13 30 6
13 31 2
13 32 4
13 33 9
13 34 4
13 35 8
13 36 9
13 37 10
13 38 1
13 39 2
13 40 10
13 41 7
13 42 7
13 43 4
13 48 1
13 49 4
13 50 4
13 51 7
13 52 4
13 53 9
13 54 9
13 55 3
13 56 2
13 57 1
13 58 2
13 59 7
13 60 7
13 61 6
13 62 5
13 63 2
14 15 9
14 16 5
14 17 7
14 18 6
14 19 9
14 20 2
14 21 4
14 22 3
14 23 9
14 24 4
14 25 9
14 26 1
14 27 5
14 28 6
14 29 1
14 30 2
14 31 5
14 32 7
14 33 10
14 34 9
14 35 1
14 36 9
14 37 7
14 38 7
14 39 7
14 40 5
14 41 5
14 42 4
14 43 10
14 44 10
14 45 8
14 46 1
14 47 1
14 48 3
14 49 10
14 50 8
14 51 9
14 52 9
14 53 10
14 54 8
14 55 5
14 56 3
14 57 8
14 59 10
14 60 3
14 61 5
14 62 10
14 63 5
15 16 5
15 17 4
15 18 5
15 19 4
15 20 5
15 21 10
15 22 1
15 23 8
15 24 6
15 25 9
15 27 1
15 28 6
15 29 9
15 30 3
15 31 5
15 32 9
15 33 6
15 34 10
15 35 3
15 36 5
15 37 9
15 38 3
15 39 7
15 40 5
15 41 2
15 42 6
15 43 1
15 44 4
15 45 8
15 46 7
15 47 4
15 48 3
15 49 9
15 50 8
15 51 3
15 52 7
15 53 8
15 54 8
15 55 1
15 56 9
15 57 8
15 58 5
15 59 10
15 61 9
15 62 7
15 63 9
16 17 1
16 18 6
16 19 6
16 21 7
16 22 4
16 24 7
16 25 5
16 26 4
16 27 6
16 28 3
16 29 6
16 30 2
16 31 10
16 32 1
16 33 5
16 35 5
16 36 9
16 37 2
16 38 4
16 39 2
16 40 7
16 41 6
16 42 9
16 43 1
16 44 1
16 46 4
16 47 5
16 48 6
16 49 3
16 50 8
16 51 4
16 52 7
16 53 7
16 54 3
16 55 4
16 56 3
16 57 8
16 58 10
16 59 8
16 61 10
16 62 3
16 63 8
17 18 8
17 19 2
17 20 5
17 21 1
17 22 8
17 23 6
17 24 7
17 26 2
17 27 7
17 28 8
17 29 3
17 30 9
17 31 9
17 32 4
17 33 2
17 34 7
17 35 6
17 36 2
17 37 2
17 38 7
17 39 8
17 40 10
17 41 7
17 42 5
17 44 6
17 45 9
17 46 7
17 47 1
17 48 5
17 49 2
17 50 3
17 51 3
17 52 1
17 53 9
17 54 6
17 55 3
17 56 1
17 57 8
17 58 8
17 59 8
17 60 7
17 61 6
17 62 5
17 63 8
18 19 7
18 20 9
18 21 6
18 22 1
18 23 6
18 24 3
18 25 10
18 26 2
18 27 8
18 28 7
18 29 10
18 30 2
18 31 1
18 32 7
18 33 6
18 35 6
18 36 5
18 37 2
18 38 5
18 39 2
18 40 7
18 41 3
18 42 2
18 43 8
18 44 5
18 45 10
18 46 8
18 47 1
18 48 8
18 49 2
18 50 8
18 51 6
18 52 8
18 53 2
18 54 9
18 55 7
18 56 9
18 57 7
18 58 6
18 59 7
18 60 9
18 61 5
18 62 3
18 63 9
19 20 10
19 21 8
19 22 4
19 23 8
19 25 8
19 26 4
19 27 1
19 28 5
19 29 6
19 30 7
19 31 4
19 32 1
19 33 2
19 34 5
19 35 10
19 36 3
19 37 10
19 39 5
19 40 8
19 41 4
19 42 6
19 43 5
19 44 2
19 45 8
19 46 2
19 47 2
19 48 10
19 50 1
19 51 5
19 52 1
19 54 10
19 55 3
19 56 2
19 57 1
19 58 5
19 59 9
19 60 3
19 61 3
19 62 5
19 63 9
20 21 7
20 23 6
20 24 5
20 25 7
20 26 9
20 27 7
20 28 10
20 29 9
20 30 1
20 31 8
20 32 10
20 33 1
20 34 1
20 35 8
20 36 7
20 37 4
20 38 4
20 39 2
20 40 1
20 41 6
20 42 6
20 43 10
20 44 10
20 45 2
20 46 4
20 47 3
20 48 6
20 49 3
20 50 2
20 51 2
20 52 1
20 53 7
20 54 1
20 55 2
20 56 1
20 57 5
20 58 1
20 59 5
20 61 10
20 62 7
20 63 3
21 22 1
21 23 10
21 24 7
21 28 2
21 29 9
21 30 6
21 31 10
21 32 7
21 33 3
21 34 2
21 35 1
21 36 5
21 37 10
21 38 2
21 39 8
21 40 3
21 41 2
21 42 1
21 44 9
21 45 4
21 46 5
21 47 8
21 48 6
21 49 7
21 50 4
21 51 9
21 52 2
21 53 7
21 54 8
21 55 1
21 56 2
21 57 3
21 58 5
21 59 4
21 60 6
21 61 5
21 62 6
21 63 4
22 23 6
22 24 8
22 25 10
22 26 8
22 27 5
22 28 9
22 29 1
22 30 1
22 31 8
22 32 8
22 33 4
22 34 10
22 35 9
22 36 7
22 37 8
22 38 7
22 40 3
22 42 4
22 43 5
22 44 4
22 45 9
22 46 2
22 47 2
22 48 10
22 49 3
22 50 4
22 51 2
22 52 8
22 54 8
22 55 6
22 56 3
22 57 3
22 58 9
22 59 3
22 60 1
22 61 7
22 62 9
22 63 6
23 24 6
23 25 9
23 26 4
23 27 2
23 28 6
23 29 1
23 30 4
23 31 7
23 32 4
23 33 4
23 34 1
23 35 9
23 36 9
23 37 5
23 38 3
23 39 8
23 40 1
23 41 8
23 42 6
23 43 10
23 44 3
23 45 7
23 46 7
23 47 4
23 48 5
23 49 7
23 50 7
23 51 8
23 52 9
23 53 4
23 54 4
23 55 7
23 56 9
23 57 9
23 58 5
23 59 5
23 60 9
23 61 6
23 62 7
23 63 8
24 25 7
24 26 8
24 27 3
24 28 9
24 29 6
24 30 2
24 31 2
24 32 10
24 33 4
24 34 9
24 35 8
24 36 6
24 37 2
24 38 3
24 39 2
24 40 3
24 41 9
24 42 9
24 43 5
24 44 6
24 45 1
24 46 9
24 47 2
24 48 3
24 49 6
24 50 3
24 51 5
24 52 1
24 53 10
24 54 1
24 55 10
24 56 5
24 57 1
24 58 1
24 59 2
24 60 4
24 61 6
24 62 3
25 26 6
25 27 8
25 28 5
25 29 4
25 30 8
25 31 9
25 32 10
25 34 10
25 35 1
25 36 5
25 37 5
25 38 1
25 39 5
25 40 3
25 41 2
25 42 5
25 43 1
25 45 5
25 46 9
25 47 4
25 48 8
25 49 1
25 50 3
25 51 9
25 52 8
25 53 1
25 54 4
25 55 4
25 58 2
25 60 1
25 61 5
25 62 6
25 63 5
26 27 10
26 28 7
26 29 1
26 30 4
26 31 1
26 32 7
26 34 3
26 35 10
26 36 2
26 37 6
26 38 1
26 39 2
26 40 8
26 41 10
26 42 4
26 43 6
26 44 2
26 45 1
26 46 2
26 47 4
26 48 9
26 49 3
26 50 3
26 52 7
26 53 9
26 54 5
26 55 9
26 56 5
26 57 9
26 59 5
26 60 7
26 61 9
26 62 4
26 63 7
27 28 8
27 29 10
27 30 5
27 31 2
27 32 6
27 33 1
27 34 2
27 35 10
27 36 8
27 37 10
27 38 9
27 39 1
27 40 6
27 41 9
27 42 1
27 43 10
27 44 7
27 45 1
27 46 6
27 47 7
27 48 10
27 49 3
27 50 7
27 51 3
27 52 2
27 53 10
27 54 10
27 55 5
27 56 3
27 57 5
27 58 4
27 59 8
27 60 7
27 61 10
27 62 10
27 63 9
28 29 9
28 30 6
28 31 4
28 32 6
28 33 9
28 34 9
28 35 7
28 36 3
28 37 7
28 38 6
28 39 6
28 40 8
28 41 7
28 42 7
28 43 9
28 44 3
28 45 5
28 46 9
28 47 3
28 48 5
28 49 7
28 50 6
28 51 7
28 52 4
28 53 10
28 54 5
28 55 4
28 56 2
28 57 3
28 58 7
28 59 3
28 60 8
28 61 7
28 62 10
28 63 3
29 30 1
29 31 8
29 32 5
29 33 5
29 34 1
29 35 10
29 36 9
29 37 5
29 38 7
29 39 1
29 40 5
29 41 1
29 42 7
29 43 5
29 44 7
29 45 5
29 46 10
29 47 9
29 48 10
29 49 5
29 50 6
29 51 2
29 52 5
29 53 3
29 55 3
29 56 4
29 57 4
29 58 2
29 59 10
29 60 5
29 61 9
29 62 3
29 63 5
30 31 9
30 32 10
30 33 1
30 34 3
30 35 4
30 36 6
30 37 3
30 38 2
30 39 3
30 40 9
30 41 10
30 42 2
30 43 7
30 44 1
30 45 2
30 46 10
30 47 9
30 48 8
30 49 1
30 50 4
30 51 8
30 52 4
30 53 6
30 54 8
30 55 10
30 57 9
30 58 10
30 59 7
30 60 6
30 61 1
30 62 4
31 32 10
31 33 9
31 34 2
31 35 1
31 36 8
31 38 2
31 39 4
31 40 6
31 41 6
31 42 2
31 43 6
31 44 7
31 45 8
31 46 6
31 47 2
31 48 7
31 49 8
31 50 8
31 51 10
31 52 2
31 53 8
31 54 7
31 55 4
31 56 7
31 57 2
31 58 7
31 59 3
31 60 2
31 61 8
31 62 3
31 63 4
32 33 5
32 34 3
32 35 3
32 37 3
32 38 3
32 39 7
32 41 6
32 42 7
32 43 5
32 44 1
32 45 6
32 46 3
32 47 6
32 48 1
32 49 3
32 50 5
32 51 6
32 52 9
32 53 3
32 54 10
32 55 6
32 56 5
32 57 5
32 58 6
32 59 4
32 60 4
32 62 10
32 63 9
33 34 5
33 35 3
33 36 1
33 37 6
33 38 7
33 39 2
33 40 1
33 41 3
33 42 1
33 44 4
33 45 5
33 46 9
33 47 2
33 48 8
33 49 3
33 50 1
33 51 5
33 52 1
33 55 3
33 56 10
33 57 8
33 58 8
33 59 1
33 60 5
33 61 8
33 62 10
33 63 10
34 35 2
34 36 7
34 37 4
34 38 3
34 39 6
34 40 9
34 41 5
34 42 4
34 44 6
34 45 4
34 46 9
34 47 1
34 48 5
34 49 5
34 50 7
34 51 4
34 52 2
34 53 2
34 54 10
34 55 6
34 56 4
34 57 5
34 59 6
34 61 8
34 62 2
34 63 8
35 36 7
35 37 4
35 38 1
35 39 1
35 40 1
35 41 1
35 42 2
35 43 1
35 44 2
35 45 10
35 46 9
35 47 1
35 48 1
35 50 5
35 51 9
35 52 9
35 53 6
35 54 1
35 55 10
35 56 7
35 57 1
35 59 6
35 60 9
35 61 2
35 62 6
35 63 1
36 37 4
36 38 6
36 39 2
36 40 7
36 41 4
36 42 1
36 43 3
36 44 6
36 45 5
36 46 9
36 47 1
36 49 8
36 50 2
36 51 8
36 52 4
36 53 7
36 54 8
36 55 5
36 56 5
36 57 7
36 58 3
36 59 10
36 60 9
36 61 9
36 62 5
36 63 5
37 39 6
37 40 8
37 41 6
37 42 4
37 43 7
37 44 3
37 46 9
37 47 8
37 48 5
37 49 10
37 50 3
37 51 7
37 52 6
37 54 8
37 55 7
37 56 3
37 57 8
37 58 9
37 59 4
37 60 6
37 61 7
37 62 3
37 63 2
38 40 1
38 41 3
38 42 10
38 43 10
38 44 7
38 45 1
38 46 10
38 47 5
38 48 3
38 49 2
38 50 3
38 51 4
38 52 5
38 53 10
38 54 8
38 55 9
38 56 2
38 57 2
38 58 10
38 59 6
38 60 2
38 61 3
38 62 3
38 63 6
39 40 2
39 41 5
39 42 1
39 43 2
39 44 5
39 45 8
39 46 2
39 47 7
39 48 6
39 49 6
39 50 5
39 51 8
39 53 5
39 54 7
39 55 7
39 56 8
39 57 4
39 58 2
39 60 3
39 61 10
39 62 6
39 63 1
40 41 8
40 42 8
40 43 3
40 45 2
40 46 4
40 47 10
40 48 9
40 49 6
40 50 6
40 51 4
40 53 8
40 54 8
40 55 2
40 56 9
40 57 6
40 58 2
40 59 6
40 60 4
40 61 10
40 62 4
40 63 8
41 42 4
41 43 3
41 44 10
41 45 9
41 46 10
41 47 6
41 48 9
41 49 4
41 50 8
41 51 6
41 52 10
41 53 9
41 54 2
41 55 2
41 56 9
41 57 2
41 58 9
41 59 6
41 60 2
41 61 6
41 62 6
41 63 8
42 43 4
42 44 7
42 46 9
42 47 2
42 48 1
42 49 2
42 50 8
42 51 7
42 52 9
42 53 1
42 54 1
42 55 4
42 56 10
42 57 3
42 58 3
42 59 5
42 60 3
42 61 7
42 62 4
42 63 8
43 44 2
43 45 1
43 46 4
43 47 8
43 48 7
43 49 1
43 50 8
43 51 7
43 52 2
43 53 3
43 54 8
43 55 5
43 56 5
43 57 4
43 58 10
43 59 3
43 60 5
43 62 6
43 63 4
44 45 6
44 47 1
44 48 2
44 49 4
44 50 7
44 51 3
44 52 4
44 53 6
44 54 9
44 55 6
44 56 10
44 57 10
44 58 8
44 59 9
44 60 3
44 61 4
44 62 5
44 63 7
45 46 8
45 47 2
45 48 2
45 49 8
45 50 1
45 51 6
45 52 4
45 53 4
45 54 10
45 55 4
45 56 1
45 57 8
45 58 1
45 59 3
45 60 1
45 61 7
45 62 3
45 63 6
46 47 3
46 48 2
46 49 9
46 50 4
46 51 2
46 52 10
46 53 3
46 54 3
46 56 10
46 57 6
46 58 8
46 59 9
46 60 8
46 61 10
46 62 3
46 63 6
47 48 6
47 49 1
47 50 4
47 51 4
47 52 2
47 53 3
47 54 3
47 55 1
47 56 5
47 57 7
47 58 4
47 60 2
47 61 6
47 62 4
47 63 7
48 49 1
48 50 4
48 51 4
48 52 6
48 53 5
48 54 9
48 55 10
48 56 6
48 57 1
48 58 9
48 59 2
48 60 3
48 61 2
48 62 7
48 63 8
49 50 9
49 51 2
49 52 6
49 53 3
49 54 7
49 55 8
49 56 8
49 57 1
49 58 6
49 59 4
49 60 6
49 61 1
49 62 1
49 63 6
50 51 10
50 52 4
50 53 1
50 54 2
50 55 9
50 56 10
50 57 9
50 59 1
50 60 7
50 61 5
50 62 1
51 52 7
51 53 8
51 54 9
51 55 7
51 56 4
51 57 2
51 58 6
51 59 4
51 60 4
51 61 9
51 62 3
51 63 6
52 53 2
52 54 2
52 55 9
52 56 4
52 57 2
52 58 8
52 59 4
52 60 6
52 61 3
52 62 10
52 63 2
53 54 9
53 55 1
53 56 5
53 57 7
53 58 9
53 59 10
53 60 4
53 61 8
53 62 3
53 63 9
54 55 7
54 56 10
54 58 6
54 59 1
54 60 8
54 61 9
54 62 2
54 63 4
55 56 7
55 57 5
55 58 10
55 59 7
55 60 9
55 61 3
55 62 7
55 63 6
56 57 9
56 59 5
56 60 3
56 61 1
56 62 4
56 63 4
57 58 10
57 59 3
57 60 5
57 61 7
57 62 1
57 63 5
58 59 3
58 60 7
58 61 8
58 62 6
58 63 4
59 60 2
59 61 8
59 62 2
59 63 3
60 61 9
60 62 1
60 63 1
61 62 8
61 63 5
62 63 3
39 702 30 9 2
1 2 5
1 3 3
1 4 4
1 5 7
1 7 4
1 8 8
1 9 6
1 10 2
1 11 9
1 12 10
1 13 7
1 14 5
1 15 6
1 16 6
1 17 8
1 18 5
1 19 6
1 20 3
1 21 6
1 22 4
1 23 5
1 24 8
1 25 9
1 26 3
1 27 6
1 28 2
1 29 7
1 30 2
1 31 4
1 34 8
1 35 3
1 36 9
1 37 10
1 38 4
1 39 8
2 3 8
2 4 3
2 5 1
2 6 4
2 7 6
2 8 1
2 9 1
2 10 2
2 11 1
2 12 1
2 14 1
2 16 10
2 17 9
2 18 10
2 19 1
2 20 4
2 21 10
2 22 1
2 23 8
2 24 9
2 25 7
2 26 7
2 27 1
2 28 6
2 29 4
2 30 4
2 32 5
2 33 4
2 34 3
2 35 10
2 36 3
2 37 2
2 38 3
2 39 7
3 4 1
3 5 4
3 6 10
3 7 1
3 8 8
3 9 10
3 10 8
3 11 5
3 12 3
3 13 6
3 14 10
3 15 5
3 16 6
3 17 10
3 18 9
3 19 2
3 20 1
3 21 1
3 22 10
3 23 6
3 24 2
3 25 8
3 26 7
3 27 2
3 28 2
3 29 5
3 30 1
3 31 4
3 32 6
3 33 2
3 34 10
3 35 3
3 36 3
3 37 3
3 38 3
3 39 8
4 5 10
4 6 4
4 7 4
4 8 5
4 9 8
4 11 7
4 12 4
4 13 1
4 14 8
4 15 4
4 16 9
4 17 1
4 18 4
4 19 2
4 20 9
4 21 2
4 22 10
4 23 10
4 24 2
4 25 3
4 26 10
4 27 10
4 28 6
4 29 2
4 30 9
4 31 10
4 32 9
4 33 7
4 34 9
4 35 5
4 36 5
4 38 8
4 39 6
5 6 5
5 7 10
5 8 9
5 10 1
5 11 9
5 12 10
5 13 7
5 14 7
5 15 10
5 16 8
5 17 9
5 18 5
5 19 2
5 20 8
5 21 3
5 22 10
5 23 4
5 24 7
5 25 6
5 26 7
5 27 1
5 28 9
5 29 7
5 30 7
5 31 6
5 32 3
5 33 6
5 34 9
5 35 8
5 36 5
5 37 7
5 38 2
5 39 1
6 7 10
6 8 8
6 9 4
6 10 10
6 11 9
6 13 9
6 14 10
6 15 6
6 16 7
6 17 8
6 18 9
6 19 8
6 20 10
6 21 8
6 22 7
6 23 5
6 25 2
6 26 4
6 27 6
6 28 2
6 29 6
6 30 2
6 31 1
6 32 7
6 33 10
6 34 4
6 35 2
6 36 6
6 37 3
6 38 8
6 39 7
7 8 2
7 9 5
7 10 1
7 11 4
7 12 10
7 13 4
7 14 3
7 15 6
7 16 5
7 17 7
7 18 1
7 19 9
7 21 6
7 22 5
7 23 8
7 24 4
7 25 8
7 26 10
7 27 2
7 28 5
7 29 6
7 30 7
7 31 8
7 32 5
7 33 1
7 34 3
7 35 4
7 36 4
7 37 8
7 38 4
7 39 2
8 9 9
8 10 2
8 11 3
8 12 2
8 13 1
8 14 6
8 15 1
8 16 8
8 17 7
8 18 10
8 19 5
8 20 9
8 21 1
8 22 3
8 23 8
8 24 1
8 25 7
8 26 8
8 27 7
8 29 9
8 30 7
8 31 3
8 32 2
8 33 2
8 34 8
8 35 3
8 36 1
8 37 3
8 38 2
8 39 1
9 10 10
9 11 8
9 12 2
9 13 5
9 14 7
9 15 8
9 16 8
9 17 1
9 18 10
9 19 6
9 20 9
9 21 3
9 23 9
9 24 9
9 25 3
9 26 6
9 27 6
9 28 5
9 29 2
9 30 3
9 31 4
9 32 10
9 33 8
9 35 8
9 36 2
9 37 10
9 38 5
9 39 8
10 11 5
10 12 10
10 13 10
10 15 6
10 16 10
10 17 4
10 18 10
10 19 4
10 21 2
10 22 3
10 23 4
10 24 9
10 25 4
10 26 1
10 27 4
10 28 1
10 29 8
10 30 3
10 31 7
10 32 9
10 33 7
10 34 8
10 35 7
10 36 6
10 37 5
10 38 4
10 39 2
11 12 6
11 13 6
11 15 5
11 16 7
11 17 1
11 18 7
11 19 4
11 20 1
11 21 6
11 22 1
11 23 3
11 24 1
11 25 7
11 26 9
11 27 4
11 28 5
11 29 9
11 30 9
11 31 10
11 32 9
11 33 4
11 34 3
11 35 9
11 36 1
11 37 2
11 38 1
11 39 6
12 13 9
12 14 7
12 15 7
12 16 9
12 17 4
12 18 7
12 19 5
12 20 8
12 21 4
12 22 9
12 23 4
12 24 8
12 25 3
12 26 6
12 27 3
12 28 8
12 29 8
12 30 4
12 31 5
12 32 1
12 33 2
12 34 6
12 35 9
12 36 7
12 37 10
12 38 4
12 39 2
13 14 7
13 15 2
13 16 10
13 17 6
13 18 8
13 19 6
13 21 8
13 22 9
13 23 5
13 24 8
13 25 9
13 26 9
13 27 9
13 28 3
13 29 7
13 30 7
13 31 4
13 32 2
13 33 2
13 34 3
13 35 6
13 36 9
13 37 10
13 38 10
13 39 6
14 15 1
14 16 8
14 17 4
14 18 8
14 19 3
14 20 3
14 21 7
14 22 2
14 23 4
14 24 10
14 25 8
14 26 6
14 27 2
14 29 8
14 30 5
14 31 5
14 32 9
14 33 10
14 34 10
14 35 8
14 36 3
14 37 4
14 38 1
14 39 10
15 16 8
15 17 3
15 18 6
15 19 1
15 20 3
15 21 4
15 22 5
15 23 3
15 24 1
15 25 9
15 26 10
15 27 3
15 28 6
15 30 1
15 31 10
15 32 5
15 34 10
15 35 3
15 36 3
15 37 5
15 39 5
16 17 3
16 18 9
16 19 6
16 20 3
16 21 1
16 22 2
16 23 6
16 24 8
16 25 8
16 26 7
16 27 4
16 28 10
16 29 9
16 30 8
16 31 10
16 32 9
16 33 2
16 34 1
16 35 7
16 36 9
16 37 2
16 38 8
17 18 2
17 19 5
17 20 4
17 21 4
17 22 9
17 23 7
17 24 7
17 25 5
17 26 10
17 27 4
17 28 7
17 29 3
17 30 4
17 31 3
17 32 10
17 33 2
17 34 6
17 35 8
17 36 4
17 37 10
17 38 9
17 39 8
18 19 7
18 20 7
18 21 3
18 22 3
18 23 10
18 24 5
18 25 7
18 26 7
18 27 4
18 28 4
18 29 3
18 30 3
18 31 7
18 32 1
18 34 2
18 35 4
18 36 9
18 38 3
18 39 3
19 20 2
19 21 10
19 22 1
19 24 10
19 25 1
19 26 2
19 27 10
19 28 3
19 29 10
19 30 5
19 32 2
19 33 9
19 34 1
19 35 7
19 36 9
19 37 5
19 38 1
19 39 7
20 21 3
20 22 5
20 24 7
20 25 7
20 26 10
20 27 8
20 29 8
20 30 9
20 31 2
20 32 2
20 33 6
20 34 9
20 35 3
20 36 6
20 37 3
20 38 6
20 39 6
21 22 1
21 23 4
21 25 1
21 26 10
21 27 2
21 28 1
21 29 3
21 30 3
21 31 4
21 32 5
21 33 4
21 34 1
21 35 1
21 36 10
21 37 5
21 38 9
21 39 3
22 23 10
22 24 9
22 25 4
22 26 7
22 27 7
22 28 4
22 29 4
22 30 8
22 31 7
22 32 8
22 33 8
22 34 7
22 35 9
22 36 4
22 38 4
22 39 1
23 24 1
23 25 4
23 26 4
23 27 2
23 28 8
23 29 3
23 30 8
23 31 8
23 32 9
23 33 8
23 34 6
23 35 3
23 36 5
23 37 2
23 38 6
23 39 8
24 25 6
24 26 4
24 27 7
24 28 8
24 29 10
24 30 4
24 31 7
24 32 1
24 33 8
24 34 9
24 35 6
24 36 6
24 37 2
24 38 8
24 39 5
25 26 1
25 27 6
25 28 4
25 29 1
25 30 3
25 31 1
25 32 5
25 33 10
25 34 7
25 35 4
25 36 1
25 37 9
25 38 9
25 39 5
26 27 8
26 28 4
26 29 2
26 30 6
26 31 4
26 32 1
26 33 6
26 34 2
26 35 9
26 36 8
26 37 1
26 38 10
26 39 2
27 28 9
27 29 1
27 30 4
27 31 4
27 32 1
27 33 3
27 34 6
27 36 4
27 37 2
27 39 3
28 29 10
28 30 1
28 31 8
28 32 10
28 33 4
28 34 5
28 36 8
28 37 1
28 38 3
28 39 6
29 30 6
29 31 4
29 32 10
29 33 9
29 34 2
29 35 9
29 36 4
29 37 8
29 39 6
30 31 1
30 32 2
30 33 10
30 34 4
30 35 7
30 36 3
30 37 1
30 38 2
30 39 2
31 32 9
31 33 4
31 34 3
31 35 10
31 36 10
31 37 6
31 39 2
32 33 2
32 34 1
32 35 7
32 36 9
32 37 6
32 39 3
33 34 3
33 35 6
33 37 9
33 38 4
33 39 9
34 35 7
34 36 7
34 37 6
34 38 9
34 39 2
35 36 1
35 37 9
35 38 3
35 39 3
36 37 8
36 38 9
36 39 10
37 38 5
37 39 9
38 39 6
60 726 1 10 58
1 2 5
1 3 3
1 4 4
1 5 7
1 7 4
1 8 8
1 9 6
1 10 2
1 11 9
1 12 10
1 13 7
1 14 5
1 15 6
1 16 6
1 17 8
1 18 5
1 19 6
1 20 3
1 21 6
1 22 4
1 23 5
1 24 8
1 25 9
1 26 3
1 27 6
1 28 2
1 29 7
1 30 2
1 31 4
1 34 8
1 35 3
1 36 9
1 37 10
1 38 4
1 39 8
2 3 8
2 4 3
2 5 1
2 6 4
2 7 6
2 8 1
2 9 1
2 10 2
2 11 1
2 12 1
2 14 1
2 16 10
2 17 9
2 18 10
2 19 1
2 20 4
2 21 10
2 22 1
2 23 8
2 24 9
2 25 7
2 26 7
2 27 1
2 28 6
2 29 4
2 30 4
2 32 5
2 33 4
2 34 3
2 35 10
2 36 3
2 37 2
2 38 3
2 39 7
3 4 1
3 5 4
3 6 10
3 7 1
3 8 8
3 9 10
3 10 8
3 11 5
3 12 3
3 13 6
3 14 10
3 15 5
3 16 6
3 17 10
3 18 9
3 19 2
3 20 1
3 21 1
3 22 10
3 23 6
3 24 2
3 25 8
3 26 7
3 27 2
3 28 2
3 29 5
3 30 1
3 31 4
3 32 6
3 33 2
3 34 10
3 35 3
3 36 3
3 37 3
3 38 3
3 39 8
4 5 10
4 6 4
4 7 4
4 8 5
4 9 8
4 11 7
4 12 4
4 13 1
4 14 8
4 15 4
4 16 9
4 17 1
4 18 4
4 19 2
4 20 9
4 21 2
4 22 10
4 23 10
4 24 2
4 25 3
4 26 10
4 27 10
4 28 6
4 29 2
4 30 9
4 31 10
4 32 9
4 33 7
4 34 9
4 35 5
4 36 5
4 38 8
4 39 6
5 6 5
5 7 10
5 8 9
5 10 1
5 11 9
5 12 10
5 13 7
5 14 7
5 15 10
5 16 8
5 17 9
5 18 5
5 19 2
5 20 8
5 21 3
5 22 10
5 23 4
5 24 7
5 25 6
5 26 7
5 27 1
5 28 9
5 29 7
5 30 7
5 31 6
5 32 3
5 33 6
5 34 9
5 35 8
5 36 5
5 37 7
5 38 2
5 39 1
6 7 10
6 8 8
6 9 4
6 10 10
6 11 9
6 13 9
6 14 10
6 15 6
6 16 7
6 17 8
6 18 9
6 19 8
6 20 10
6 21 8
6 22 7
6 23 5
6 25 2
6 26 4
6 27 6
6 28 2
6 29 6
6 30 2
6 31 1
6 32 7
6 33 10
6 34 4
6 35 2
6 36 6
6 37 3
6 38 8
6 39 7
7 8 2
7 9 5
7 10 1
7 11 4
7 12 10
7 13 4
7 14 3
7 15 6
7 16 5
7 17 7
7 18 1
7 19 9
7 21 6
7 22 5
7 23 8
7 24 4
7 25 8
7 26 10
7 27 2
7 28 5
7 29 6
7 30 7
7 31 8
7 32 5
7 33 1
7 34 3
7 35 4
7 36 4
7 37 8
7 38 4
7 39 2
8 9 9
8 10 2
8 11 3
8 12 2
8 13 1
8 14 6
8 15 1
8 16 8
8 17 7
8 18 10
8 19 5
8 20 9
8 21 1
8 22 3
8 23 8
8 24 1
8 25 7
8 26 8
8 27 7
8 29 9
8 30 7
8 31 3
8 32 2
8 33 2
8 34 8
8 35 3
8 36 1
8 37 3
8 38 2
8 39 1
9 10 10
9 11 8
9 12 2
9 13 5
9 14 7
9 15 8
9 16 8
9 17 1
9 18 10
9 19 6
9 20 9
9 21 3
9 23 9
9 24 9
9 25 3
9 26 6
9 27 6
9 28 5
9 29 2
9 30 3
9 31 4
9 32 10
9 33 8
9 35 8
9 36 2
9 37 10
9 38 5
9 39 8
10 11 5
10 12 10
10 13 10
10 15 6
10 16 10
10 17 4
10 18 10
10 19 4
10 21 2
10 22 3
10 23 4
10 24 9
10 25 4
10 26 1
10 27 4
10 28 1
10 29 8
10 30 3
10 31 7
10 32 9
10 33 7
10 34 8
10 35 7
10 36 6
10 37 5
10 38 4
10 39 2
11 12 6
11 13 6
11 15 5
11 16 7
11 17 1
11 18 7
11 19 4
11 20 1
11 21 6
11 22 1
11 23 3
11 24 1
11 25 7
11 26 9
11 27 4
11 28 5
11 29 9
11 30 9
11 31 10
11 32 9
11 33 4
11 34 3
11 35 9
11 36 1
11 37 2
11 38 1
11 39 6
12 13 9
12 14 7
12 15 7
12 16 9
12 17 4
12 18 7
12 19 5
12 20 8
12 21 4
12 22 9
12 23 4
12 24 8
12 25 3
12 26 6
12 27 3
12 28 8
12 29 8
12 30 4
12 31 5
12 32 1
12 33 2
12 34 6
12 35 9
12 36 7
12 37 10
12 38 4
12 39 2
13 14 7
13 15 2
13 16 10
13 17 6
13 18 8
13 19 6
13 21 8
13 22 9
13 23 5
13 24 8
13 25 9
13 26 9
13 27 9
13 28 3
13 29 7
13 30 7
13 31 4
13 32 2
13 33 2
13 34 3
13 35 6
13 36 9
13 37 10
13 38 10
13 39 6
14 15 1
14 16 8
14 17 4
14 18 8
14 19 3
14 20 3
14 21 7
14 22 2
14 23 4
14 24 10
14 25 8
14 26 6
14 27 2
14 29 8
14 30 5
14 31 5
14 32 9
14 33 10
14 34 10
14 35 8
14 36 3
14 37 4
14 38 1
14 39 10
15 16 8
15 17 3
15 18 6
15 19 1
15 20 3
15 21 4
15 22 5
15 23 3
15 24 1
15 25 9
15 26 10
15 27 3
15 28 6
15 30 1
15 31 10
15 32 5
15 34 10
15 35 3
15 36 3
15 37 5
15 39 5
16 17 3
16 18 9
16 19 6
16 20 3
16 21 1
16 22 2
16 23 6
16 24 8
16 25 8
16 26 7
16 27 4
16 28 10
16 29 9
16 30 8
16 31 10
16 32 9
16 33 2
16 34 1
16 35 7
16 36 9
16 37 2
16 38 8
17 18 2
17 19 5
17 20 4
17 21 4
17 22 9
17 23 7
17 24 7
17 25 5
17 26 10
17 27 4
17 28 7
17 29 3
17 30 4
17 31 3
17 32 10
17 33 2
17 34 6
17 35 8
17 36 4
17 37 10
17 38 9
17 39 8
18 19 7
18 20 7
18 21 3
18 22 3
18 23 10
18 24 5
18 25 7
18 26 7
18 27 4
18 28 4
18 29 3
18 30 3
18 31 7
18 32 1
18 34 2
18 35 4
18 36 9
18 38 3
18 39 3
19 20 2
19 21 10
19 22 1
19 24 10
19 25 1
19 26 2
19 27 10
19 28 3
19 29 10
19 30 5
19 32 2
19 33 9
19 34 1
19 35 7
19 36 9
19 37 5
19 38 1
19 39 7
20 21 3
20 22 5
20 24 7
20 25 7
20 26 10
20 27 8
20 29 8
20 30 9
20 31 2
20 32 2
20 33 6
20 34 9
20 35 3
20 36 6
20 37 3
20 38 6
20 39 6
21 22 1
21 23 4
21 25 1
21 26 10
21 27 2
21 28 1
21 29 3
21 30 3
21 31 4
21 32 5
21 33 4
21 34 1
21 35 1
21 36 10
21 37 5
21 38 9
21 39 3
22 23 10
22 24 9
22 25 4
22 26 7
22 27 7
22 28 4
22 29 4
22 30 8
22 31 7
22 32 8
22 33 8
22 34 7
22 35 9
22 36 4
22 38 4
22 39 1
23 24 1
23 25 4
23 26 4
23 27 2
23 28 8
23 29 3
23 30 8
23 31 8
23 32 9
23 33 8
23 34 6
23 35 3
23 36 5
23 37 2
23 38 6
23 39 8
24 25 6
24 26 4
24 27 7
24 28 8
24 29 10
24 30 4
24 31 7
24 32 1
24 33 8
24 34 9
24 35 6
24 36 6
24 37 2
24 38 8
24 39 5
25 26 1
25 27 6
25 28 4
25 29 1
25 30 3
25 31 1
25 32 5
25 33 10
25 34 7
25 35 4
25 36 1
25 37 9
25 38 9
25 39 5
26 27 8
26 28 4
26 29 2
26 30 6
26 31 4
26 32 1
26 33 6
26 34 2
26 35 9
26 36 8
26 37 1
26 38 10
26 39 2
27 28 9
27 29 1
27 30 4
27 31 4
27 32 1
27 33 3
27 34 6
27 36 4
27 37 2
27 39 3
28 29 10
28 30 1
28 31 8
28 32 10
28 33 4
28 34 5
28 36 8
28 37 1
28 38 3
28 39 6
29 30 6
29 31 4
29 32 10
29 33 9
29 34 2
29 35 9
29 36 4
29 37 8
29 39 6
30 31 1
30 32 2
30 33 10
30 34 4
30 35 7
30 36 3
30 37 1
30 38 2
30 39 2
31 32 9
31 33 4
31 34 3
31 35 10
31 36 10
31 37 6
31 39 2
32 33 2
32 34 1
32 35 7
32 36 9
32 37 6
32 39 3
33 34 3
33 35 6
33 37 9
33 38 4
33 39 9
34 35 7
34 36 7
34 37 6
34 38 9
34 39 2
35 36 1
35 37 9
35 38 3
35 39 3
36 37 8
36 38 9
36 39 10
37 38 5
37 39 9
38 39 6
39 40 100
40 41 100
41 42 100
42 43 100
43 44 100
44 45 100
45 46 100
46 47 100
47 48 100
48 49 100
49 50 100
50 51 100
51 52 100
52 53 100
53 54 100
54 55 100
55 56 100
56 57 100
57 58 100
58 59 100
59 60 100
40 50 987
1 40 1
10 44 1
0