410543178 43659 10
67113037
90261713
187061791
194485394
198711267
207067590
259694458
264775048
265544314
291981663
296491368 80279 61
2340834
10723722
11916617
21835050
22466126
24792689
33153365
36744711
39593188
48161724
54423195
58162134
66963071
79589065
80532454
86585276
91519012
91587835
94143881
102664067
105201132
106665310
107356284
110993446
116196638
117089086
119011755
119607912
120333317
121716510
129913281
141309529
141887664
144462006
151250855
157579035
162021743
169771950
174140154
191751992
207778291
212528634
212539929
212629889
218776216
224894526
232947171
235721944
242389949
246963561
251168635
253516545
261038591
265035713
268565089
270209185
287582823
288318012
292939784
293080430
293248919
61531311 75320 73
913231
1942479
3060599
3558624
5335991
7179141
9565129
9828673
11591221
15795906
16567189
16943163
17671985
18009163
18048175
20280063
20663759
22143231
22294853
23545511
25747885
26022911
26133894
27615079
27880053
29117541
30928098
31345487
31875909
32428833
32566110
33124831
34301687
34864911
35273880
35408091
35841446
35968036
36105041
36585056
37597171
38164146
38480181
38572410
40139586
40450171
41086342
42140075
43097806
43102694
43721007
44188681
44227801
44816225
45035398
47234140
49628791
49690331
50125591
51807963
52120673
52299612
53126091
53630497
54735267
55769452
56445595
57393717
57569706
58726474
58800191
59257006
60615991
495767121 80367 54
17091361
17541638
27631103
43195712
48675320
49745134
53525187
55211441
68838289
86068896
93962961
94356222
104297203
105533729
109664136
117063751
121522401
127901186
136446209
149567079
149775080
155480309
166856387
177792181
178040784
191432261
202564835
207642321
213127189
216570996
244764628
261740886
280705331
283389553
301939741
310162589
317759761
332135941
335636533
336554001
347539681
365659631
374622281
405072171
409028404
411716321
412846053
417212569
422360924
438667500
474792161
481185191
492347011
492644166
913583229 10300 30
44849417
62868644
106484513
109566243
120584409
135501987
163940829
182778750
206703057
213120794
269265809
330756596
338385738
347867142
356161330
378269317
479539093
487574633
505287604
554399669
566817755
590629445
630473477
649343023
744669289
761070849
798806359
842881389
883169441
910399609
486058061 39912 46
9068381
60561281
80013599
82353785
86788233
94162716
136133093
139644556
160974261
165137621
165595401
167589113
189129957
196184881
198590986
200299997
209737024
216097061
230322946
232471685
251160117
263071485
266478375
285734370
298884925
305172191
307178502
307351109
353774166
355638901
376470187
380542860
385401977
390985266
403959669
417327609
437750469
439129671
453424658
454398594
457101211
460271803
464202257
476098098
482605044
483797561
428325705 33030 26
24730359
32195569
41842377
41983445
58106847
167974937
178274024
180099473
193376886
196896495
211662736
222671415
265554208
270211361
296222027
317141833
328711161
343499553
350802677
356314800
363451822
390091910
403946702
406687293
412345799
414729613
596899321 85685 36
3765844
21727746
48725439
97962937
110119507
143242632
151076926
171561955
177684099
212101249
219491072
265239911
275019579
279274015
315761493
319227230
351238689
375425301
377954353
379585453
402050151
415172763
427223678
461113891
495882996
502142741
502747993
511545613
517261953
521651473
551508786
553213695
556982221
571737121
583481059
590163897
350408287 26767 40
19179820
20341135
28708704
43270743
46614438
62844963
66808547
69717911
71336953
82121673
85218919
85396090
98401197
102049123
103519850
110579863
153435587
156995328
157895275
158491347
173527300
175941397
189484463
194110761
205880005
212812883
222366199
236230126
237523381
246637297
247556983
257783697
264636619
267683097
277009840
288738658
288898369
310465666
325736299
329377603
826030746 54962 32
20333016
24081136
36855826
43545406
89213921
114676615
119306598
125258136
136543603
139876308
170113544
184606274
191136453
208716630
212145511
236192667
239190386
281238160
336325160
425036821
473297930
488606986
516047660
537890426
559787341
579390822
582456166
606575814
616521787
738558017
781656254
787998330
0
